data_pubblicazione,data_validita_inizio,data_validita_fine,zona_codice,avviso_criticita,avviso_idrogeologico,avviso_temporali,avviso_idraulico
2024-07-18T14:34:59+02:00,2024-07-19T00:00:00+02:00,2024-07-19T23:59:59+02:00,Abru-A,Assenza di fenomeni significativi prevedibili / NESSUNA ALLERTA,Assenza di fenomeni significativi prevedibili / NESSUNA ALLERTA,Assenza di fenomeni significativi prevedibili / NESSUNA ALLERTA,Assenza di fenomeni significativi prevedibili / NESSUNA ALLERTA
2024-07-18T14:34:59+02:00,2024-07-19T00:00:00+02:00,2024-07-19T23:59:59+02:00,Abru-B,Assenza di fenomeni significativi prevedibili / NESSUNA ALLERTA,Assenza di fenomeni significativi prevedibili / NESSUNA ALLERTA,Assenza di fenomeni significativi prevedibili / NESSUNA ALLERTA,Assenza di fenomeni significativi prevedibili / NESSUNA ALLERTA
2024-07-18T14:34:59+02:00,2024-07-19T00:00:00+02:00,2024-07-19T23:59:59+02:00,Abru-C,Assenza di fenomeni significativi prevedibili / NESSUNA ALLERTA,Assenza di fenomeni significativi prevedibili / NESSUNA ALLERTA,Assenza di fenomeni significativi prevedibili / NESSUNA ALLERTA,Assenza di fenomeni significativi prevedibili / NESSUNA ALLERTA
2024-07-18T14:34:59+02:00,2024-07-19T00:00:00+02:00,2024-07-19T23:59:59+02:00,Abru-D1,Assenza di fenomeni significativi prevedibili / NESSUNA ALLERTA,Assenza di fenomeni significativi prevedibili / NESSUNA ALLERTA,Assenza di fenomeni significativi prevedibili / NESSUNA ALLERTA,Assenza di fenomeni significativi prevedibili / NESSUNA ALLERTA
2024-07-18T14:34:59+02:00,2024-07-19T00:00:00+02:00,2024-07-19T23:59:59+02:00,Abru-D2,Assenza di fenomeni significativi prevedibili / NESSUNA ALLERTA,Assenza di fenomeni significativi prevedibili / NESSUNA ALLERTA,Assenza di fenomeni significativi prevedibili / NESSUNA ALLERTA,Assenza di fenomeni significativi prevedibili / NESSUNA ALLERTA
2024-07-18T14:34:59+02:00,2024-07-19T00:00:00+02:00,2024-07-19T23:59:59+02:00,Abru-E,Assenza di fenomeni significativi prevedibili / NESSUNA ALLERTA,Assenza di fenomeni significativi prevedibili / NESSUNA ALLERTA,Assenza di fenomeni significativi prevedibili / NESSUNA ALLERTA,Assenza di fenomeni significativi prevedibili / NESSUNA ALLERTA
2024-07-18T14:34:59+02:00,2024-07-19T00:00:00+02:00,2024-07-19T23:59:59+02:00,Basi-A1,Assenza di fenomeni significativi prevedibili / NESSUNA ALLERTA,Assenza di fenomeni significativi prevedibili / NESSUNA ALLERTA,Assenza di fenomeni significativi prevedibili / NESSUNA ALLERTA,Assenza di fenomeni significativi prevedibili / NESSUNA ALLERTA
2024-07-18T14:34:59+02:00,2024-07-19T00:00:00+02:00,2024-07-19T23:59:59+02:00,Basi-A2,Assenza di fenomeni significativi prevedibili / NESSUNA ALLERTA,Assenza di fenomeni significativi prevedibili / NESSUNA ALLERTA,Assenza di fenomeni significativi prevedibili / NESSUNA ALLERTA,Assenza di fenomeni significativi prevedibili / NESSUNA ALLERTA
2024-07-18T14:34:59+02:00,2024-07-19T00:00:00+02:00,2024-07-19T23:59:59+02:00,Basi-B,Assenza di fenomeni significativi prevedibili / NESSUNA ALLERTA,Assenza di fenomeni significativi prevedibili / NESSUNA ALLERTA,Assenza di fenomeni significativi prevedibili / NESSUNA ALLERTA,Assenza di fenomeni significativi prevedibili / NESSUNA ALLERTA
2024-07-18T14:34:59+02:00,2024-07-19T00:00:00+02:00,2024-07-19T23:59:59+02:00,Basi-C,Assenza di fenomeni significativi prevedibili / NESSUNA ALLERTA,Assenza di fenomeni significativi prevedibili / NESSUNA ALLERTA,Assenza di fenomeni significativi prevedibili / NESSUNA ALLERTA,Assenza di fenomeni significativi prevedibili / NESSUNA ALLERTA
2024-07-18T14:34:59+02:00,2024-07-19T00:00:00+02:00,2024-07-19T23:59:59+02:00,Basi-D,Assenza di fenomeni significativi prevedibili / NESSUNA ALLERTA,Assenza di fenomeni significativi prevedibili / NESSUNA ALLERTA,Assenza di fenomeni significativi prevedibili / NESSUNA ALLERTA,Assenza di fenomeni significativi prevedibili / NESSUNA ALLERTA
2024-07-18T14:34:59+02:00,2024-07-19T00:00:00+02:00,2024-07-19T23:59:59+02:00,Basi-E1,Assenza di fenomeni significativi prevedibili / NESSUNA ALLERTA,Assenza di fenomeni significativi prevedibili / NESSUNA ALLERTA,Assenza di fenomeni significativi prevedibili / NESSUNA ALLERTA,Assenza di fenomeni significativi prevedibili / NESSUNA ALLERTA
2024-07-18T14:34:59+02:00,2024-07-19T00:00:00+02:00,2024-07-19T23:59:59+02:00,Basi-E2,Assenza di fenomeni significativi prevedibili / NESSUNA ALLERTA,Assenza di fenomeni significativi prevedibili / NESSUNA ALLERTA,Assenza di fenomeni significativi prevedibili / NESSUNA ALLERTA,Assenza di fenomeni significativi prevedibili / NESSUNA ALLERTA
2024-07-18T14:34:59+02:00,2024-07-19T00:00:00+02:00,2024-07-19T23:59:59+02:00,Cala-1,Assenza di fenomeni significativi prevedibili / NESSUNA ALLERTA,Assenza di fenomeni significativi prevedibili / NESSUNA ALLERTA,Assenza di fenomeni significativi prevedibili / NESSUNA ALLERTA,Assenza di fenomeni significativi prevedibili / NESSUNA ALLERTA
2024-07-18T14:34:59+02:00,2024-07-19T00:00:00+02:00,2024-07-19T23:59:59+02:00,Cala-2,Assenza di fenomeni significativi prevedibili / NESSUNA ALLERTA,Assenza di fenomeni significativi prevedibili / NESSUNA ALLERTA,Assenza di fenomeni significativi prevedibili / NESSUNA ALLERTA,Assenza di fenomeni significativi prevedibili / NESSUNA ALLERTA
2024-07-18T14:34:59+02:00,2024-07-19T00:00:00+02:00,2024-07-19T23:59:59+02:00,Cala-3,Assenza di fenomeni significativi prevedibili / NESSUNA ALLERTA,Assenza di fenomeni significativi prevedibili / NESSUNA ALLERTA,Assenza di fenomeni significativi prevedibili / NESSUNA ALLERTA,Assenza di fenomeni significativi prevedibili / NESSUNA ALLERTA
2024-07-18T14:34:59+02:00,2024-07-19T00:00:00+02:00,2024-07-19T23:59:59+02:00,Cala-4,Assenza di fenomeni significativi prevedibili / NESSUNA ALLERTA,Assenza di fenomeni significativi prevedibili / NESSUNA ALLERTA,Assenza di fenomeni significativi prevedibili / NESSUNA ALLERTA,Assenza di fenomeni significativi prevedibili / NESSUNA ALLERTA
2024-07-18T14:34:59+02:00,2024-07-19T00:00:00+02:00,2024-07-19T23:59:59+02:00,Cala-5,Assenza di fenomeni significativi prevedibili / NESSUNA ALLERTA,Assenza di fenomeni significativi prevedibili / NESSUNA ALLERTA,Assenza di fenomeni significativi prevedibili / NESSUNA ALLERTA,Assenza di fenomeni significativi prevedibili / NESSUNA ALLERTA
2024-07-18T14:34:59+02:00,2024-07-19T00:00:00+02:00,2024-07-19T23:59:59+02:00,Cala-6,Assenza di fenomeni significativi prevedibili / NESSUNA ALLERTA,Assenza di fenomeni significativi prevedibili / NESSUNA ALLERTA,Assenza di fenomeni significativi prevedibili / NESSUNA ALLERTA,Assenza di fenomeni significativi prevedibili / NESSUNA ALLERTA
2024-07-18T14:34:59+02:00,2024-07-19T00:00:00+02:00,2024-07-19T23:59:59+02:00,Cala-7,Assenza di fenomeni significativi prevedibili / NESSUNA ALLERTA,Assenza di fenomeni significativi prevedibili / NESSUNA ALLERTA,Assenza di fenomeni significativi prevedibili / NESSUNA ALLERTA,Assenza di fenomeni significativi prevedibili / NESSUNA ALLERTA
2024-07-18T14:34:59+02:00,2024-07-19T00:00:00+02:00,2024-07-19T23:59:59+02:00,Cala-8,Assenza di fenomeni significativi prevedibili / NESSUNA ALLERTA,Assenza di fenomeni significativi prevedibili / NESSUNA ALLERTA,Assenza di fenomeni significativi prevedibili / NESSUNA ALLERTA,Assenza di fenomeni significativi prevedibili / NESSUNA ALLERTA
2024-07-18T14:34:59+02:00,2024-07-19T00:00:00+02:00,2024-07-19T23:59:59+02:00,Camp-1,Assenza di fenomeni significativi prevedibili / NESSUNA ALLERTA,Assenza di fenomeni significativi prevedibili / NESSUNA ALLERTA,Assenza di fenomeni significativi prevedibili / NESSUNA ALLERTA,Assenza di fenomeni significativi prevedibili / NESSUNA ALLERTA
2024-07-18T14:34:59+02:00,2024-07-19T00:00:00+02:00,2024-07-19T23:59:59+02:00,Camp-2,Assenza di fenomeni significativi prevedibili / NESSUNA ALLERTA,Assenza di fenomeni significativi prevedibili / NESSUNA ALLERTA,Assenza di fenomeni significativi prevedibili / NESSUNA ALLERTA,Assenza di fenomeni significativi prevedibili / NESSUNA ALLERTA
2024-07-18T14:34:59+02:00,2024-07-19T00:00:00+02:00,2024-07-19T23:59:59+02:00,Camp-3,Assenza di fenomeni significativi prevedibili / NESSUNA ALLERTA,Assenza di fenomeni significativi prevedibili / NESSUNA ALLERTA,Assenza di fenomeni significativi prevedibili / NESSUNA ALLERTA,Assenza di fenomeni significativi prevedibili / NESSUNA ALLERTA
2024-07-18T14:34:59+02:00,2024-07-19T00:00:00+02:00,2024-07-19T23:59:59+02:00,Camp-4,Assenza di fenomeni significativi prevedibili / NESSUNA ALLERTA,Assenza di fenomeni significativi prevedibili / NESSUNA ALLERTA,Assenza di fenomeni significativi prevedibili / NESSUNA ALLERTA,Assenza di fenomeni significativi prevedibili / NESSUNA ALLERTA
2024-07-18T14:34:59+02:00,2024-07-19T00:00:00+02:00,2024-07-19T23:59:59+02:00,Camp-5,Assenza di fenomeni significativi prevedibili / NESSUNA ALLERTA,Assenza di fenomeni significativi prevedibili / NESSUNA ALLERTA,Assenza di fenomeni significativi prevedibili / NESSUNA ALLERTA,Assenza di fenomeni significativi prevedibili / NESSUNA ALLERTA
2024-07-18T14:34:59+02:00,2024-07-19T00:00:00+02:00,2024-07-19T23:59:59+02:00,Camp-6,Assenza di fenomeni significativi prevedibili / NESSUNA ALLERTA,Assenza di fenomeni significativi prevedibili / NESSUNA ALLERTA,Assenza di fenomeni significativi prevedibili / NESSUNA ALLERTA,Assenza di fenomeni significativi prevedibili / NESSUNA ALLERTA
2024-07-18T14:34:59+02:00,2024-07-19T00:00:00+02:00,2024-07-19T23:59:59+02:00,Camp-7,Assenza di fenomeni significativi prevedibili / NESSUNA ALLERTA,Assenza di fenomeni significativi prevedibili / NESSUNA ALLERTA,Assenza di fenomeni significativi prevedibili / NESSUNA ALLERTA,Assenza di fenomeni significativi prevedibili / NESSUNA ALLERTA
2024-07-18T14:34:59+02:00,2024-07-19T00:00:00+02:00,2024-07-19T23:59:59+02:00,Camp-8,Assenza di fenomeni significativi prevedibili / NESSUNA ALLERTA,Assenza di fenomeni significativi prevedibili / NESSUNA ALLERTA,Assenza di fenomeni significativi prevedibili / NESSUNA ALLERTA,Assenza di fenomeni significativi prevedibili / NESSUNA ALLERTA
2024-07-18T14:34:59+02:00,2024-07-19T00:00:00+02:00,2024-07-19T23:59:59+02:00,Emil-A1,Assenza di fenomeni significativi prevedibili / NESSUNA ALLERTA,Assenza di fenomeni significativi prevedibili / NESSUNA ALLERTA,Assenza di fenomeni significativi prevedibili / NESSUNA ALLERTA,Assenza di fenomeni significativi prevedibili / NESSUNA ALLERTA
2024-07-18T14:34:59+02:00,2024-07-19T00:00:00+02:00,2024-07-19T23:59:59+02:00,Emil-A2,Assenza di fenomeni significativi prevedibili / NESSUNA ALLERTA,Assenza di fenomeni significativi prevedibili / NESSUNA ALLERTA,Assenza di fenomeni significativi prevedibili / NESSUNA ALLERTA,Assenza di fenomeni significativi prevedibili / NESSUNA ALLERTA
2024-07-18T14:34:59+02:00,2024-07-19T00:00:00+02:00,2024-07-19T23:59:59+02:00,Emil-B1,Assenza di fenomeni significativi prevedibili / NESSUNA ALLERTA,Assenza di fenomeni significativi prevedibili / NESSUNA ALLERTA,Assenza di fenomeni significativi prevedibili / NESSUNA ALLERTA,Assenza di fenomeni significativi prevedibili / NESSUNA ALLERTA
2024-07-18T14:34:59+02:00,2024-07-19T00:00:00+02:00,2024-07-19T23:59:59+02:00,Emil-B2,Assenza di fenomeni significativi prevedibili / NESSUNA ALLERTA,Assenza di fenomeni significativi prevedibili / NESSUNA ALLERTA,Assenza di fenomeni significativi prevedibili / NESSUNA ALLERTA,Assenza di fenomeni significativi prevedibili / NESSUNA ALLERTA
2024-07-18T14:34:59+02:00,2024-07-19T00:00:00+02:00,2024-07-19T23:59:59+02:00,Emil-C1,Ordinaria per rischio temporali / ALLERTA GIALLA,Assenza di fenomeni significativi prevedibili / NESSUNA ALLERTA,Ordinaria / ALLERTA GIALLA,Assenza di fenomeni significativi prevedibili / NESSUNA ALLERTA
2024-07-18T14:34:59+02:00,2024-07-19T00:00:00+02:00,2024-07-19T23:59:59+02:00,Emil-C2,Ordinaria per rischio temporali / ALLERTA GIALLA,Assenza di fenomeni significativi prevedibili / NESSUNA ALLERTA,Ordinaria / ALLERTA GIALLA,Assenza di fenomeni significativi prevedibili / NESSUNA ALLERTA
2024-07-18T14:34:59+02:00,2024-07-19T00:00:00+02:00,2024-07-19T23:59:59+02:00,Emil-D1,Ordinaria per rischio temporali / ALLERTA GIALLA,Assenza di fenomeni significativi prevedibili / NESSUNA ALLERTA,Ordinaria / ALLERTA GIALLA,Assenza di fenomeni significativi prevedibili / NESSUNA ALLERTA
2024-07-18T14:34:59+02:00,2024-07-19T00:00:00+02:00,2024-07-19T23:59:59+02:00,Emil-D2,Ordinaria per rischio temporali / ALLERTA GIALLA,Assenza di fenomeni significativi prevedibili / NESSUNA ALLERTA,Ordinaria / ALLERTA GIALLA,Assenza di fenomeni significativi prevedibili / NESSUNA ALLERTA
2024-07-18T14:34:59+02:00,2024-07-19T00:00:00+02:00,2024-07-19T23:59:59+02:00,Emil-D3,Ordinaria per rischio temporali / ALLERTA GIALLA,Assenza di fenomeni significativi prevedibili / NESSUNA ALLERTA,Ordinaria / ALLERTA GIALLA,Assenza di fenomeni significativi prevedibili / NESSUNA ALLERTA
2024-07-18T14:34:59+02:00,2024-07-19T00:00:00+02:00,2024-07-19T23:59:59+02:00,Emil-E1,Ordinaria per rischio temporali / ALLERTA GIALLA,Assenza di fenomeni significativi prevedibili / NESSUNA ALLERTA,Ordinaria / ALLERTA GIALLA,Assenza di fenomeni significativi prevedibili / NESSUNA ALLERTA
2024-07-18T14:34:59+02:00,2024-07-19T00:00:00+02:00,2024-07-19T23:59:59+02:00,Emil-E2,Ordinaria per rischio temporali / ALLERTA GIALLA,Assenza di fenomeni significativi prevedibili / NESSUNA ALLERTA,Ordinaria / ALLERTA GIALLA,Assenza di fenomeni significativi prevedibili / NESSUNA ALLERTA
2024-07-18T14:34:59+02:00,2024-07-19T00:00:00+02:00,2024-07-19T23:59:59+02:00,Emil-F1,Ordinaria per rischio temporali / ALLERTA GIALLA,Assenza di fenomeni significativi prevedibili / NESSUNA ALLERTA,Ordinaria / ALLERTA GIALLA,Assenza di fenomeni significativi prevedibili / NESSUNA ALLERTA
2024-07-18T14:34:59+02:00,2024-07-19T00:00:00+02:00,2024-07-19T23:59:59+02:00,Emil-F2,Ordinaria per rischio temporali / ALLERTA GIALLA,Assenza di fenomeni significativi prevedibili / NESSUNA ALLERTA,Ordinaria / ALLERTA GIALLA,Assenza di fenomeni significativi prevedibili / NESSUNA ALLERTA
2024-07-18T14:34:59+02:00,2024-07-19T00:00:00+02:00,2024-07-19T23:59:59+02:00,Emil-F3,Ordinaria per rischio temporali / ALLERTA GIALLA,Assenza di fenomeni significativi prevedibili / NESSUNA ALLERTA,Ordinaria / ALLERTA GIALLA,Assenza di fenomeni significativi prevedibili / NESSUNA ALLERTA
2024-07-18T14:34:59+02:00,2024-07-19T00:00:00+02:00,2024-07-19T23:59:59+02:00,Emil-G1,Ordinaria per rischio temporali / ALLERTA GIALLA,Assenza di fenomeni significativi prevedibili / NESSUNA ALLERTA,Ordinaria / ALLERTA GIALLA,Assenza di fenomeni significativi prevedibili / NESSUNA ALLERTA
2024-07-18T14:34:59+02:00,2024-07-19T00:00:00+02:00,2024-07-19T23:59:59+02:00,Emil-G2,Ordinaria per rischio temporali / ALLERTA GIALLA,Assenza di fenomeni significativi prevedibili / NESSUNA ALLERTA,Ordinaria / ALLERTA GIALLA,Assenza di fenomeni significativi prevedibili / NESSUNA ALLERTA
2024-07-18T14:34:59+02:00,2024-07-19T00:00:00+02:00,2024-07-19T23:59:59+02:00,Emil-H1,Ordinaria per rischio temporali / ALLERTA GIALLA,Assenza di fenomeni significativi prevedibili / NESSUNA ALLERTA,Ordinaria / ALLERTA GIALLA,Assenza di fenomeni significativi prevedibili / NESSUNA ALLERTA
2024-07-18T14:34:59+02:00,2024-07-19T00:00:00+02:00,2024-07-19T23:59:59+02:00,Emil-H2,Ordinaria per rischio temporali / ALLERTA GIALLA,Assenza di fenomeni significativi prevedibili / NESSUNA ALLERTA,Ordinaria / ALLERTA GIALLA,Assenza di fenomeni significativi prevedibili / NESSUNA ALLERTA
2024-07-18T14:34:59+02:00,2024-07-19T00:00:00+02:00,2024-07-19T23:59:59+02:00,Friu-A,Assenza di fenomeni significativi prevedibili / NESSUNA ALLERTA,Assenza di fenomeni significativi prevedibili / NESSUNA ALLERTA,Assenza di fenomeni significativi prevedibili / NESSUNA ALLERTA,Assenza di fenomeni significativi prevedibili / NESSUNA ALLERTA
2024-07-18T14:34:59+02:00,2024-07-19T00:00:00+02:00,2024-07-19T23:59:59+02:00,Friu-B,Assenza di fenomeni significativi prevedibili / NESSUNA ALLERTA,Assenza di fenomeni significativi prevedibili / NESSUNA ALLERTA,Assenza di fenomeni significativi prevedibili / NESSUNA ALLERTA,Assenza di fenomeni significativi prevedibili / NESSUNA ALLERTA
2024-07-18T14:34:59+02:00,2024-07-19T00:00:00+02:00,2024-07-19T23:59:59+02:00,Friu-C,Assenza di fenomeni significativi prevedibili / NESSUNA ALLERTA,Assenza di fenomeni significativi prevedibili / NESSUNA ALLERTA,Assenza di fenomeni significativi prevedibili / NESSUNA ALLERTA,Assenza di fenomeni significativi prevedibili / NESSUNA ALLERTA
2024-07-18T14:34:59+02:00,2024-07-19T00:00:00+02:00,2024-07-19T23:59:59+02:00,Friu-D,Assenza di fenomeni significativi prevedibili / NESSUNA ALLERTA,Assenza di fenomeni significativi prevedibili / NESSUNA ALLERTA,Assenza di fenomeni significativi prevedibili / NESSUNA ALLERTA,Assenza di fenomeni significativi prevedibili / NESSUNA ALLERTA
2024-07-18T14:34:59+02:00,2024-07-19T00:00:00+02:00,2024-07-19T23:59:59+02:00,Lazi-A,Assenza di fenomeni significativi prevedibili / NESSUNA ALLERTA,Assenza di fenomeni significativi prevedibili / NESSUNA ALLERTA,Assenza di fenomeni significativi prevedibili / NESSUNA ALLERTA,Assenza di fenomeni significativi prevedibili / NESSUNA ALLERTA
2024-07-18T14:34:59+02:00,2024-07-19T00:00:00+02:00,2024-07-19T23:59:59+02:00,Lazi-B,Assenza di fenomeni significativi prevedibili / NESSUNA ALLERTA,Assenza di fenomeni significativi prevedibili / NESSUNA ALLERTA,Assenza di fenomeni significativi prevedibili / NESSUNA ALLERTA,Assenza di fenomeni significativi prevedibili / NESSUNA ALLERTA
2024-07-18T14:34:59+02:00,2024-07-19T00:00:00+02:00,2024-07-19T23:59:59+02:00,Lazi-C,Assenza di fenomeni significativi prevedibili / NESSUNA ALLERTA,Assenza di fenomeni significativi prevedibili / NESSUNA ALLERTA,Assenza di fenomeni significativi prevedibili / NESSUNA ALLERTA,Assenza di fenomeni significativi prevedibili / NESSUNA ALLERTA
2024-07-18T14:34:59+02:00,2024-07-19T00:00:00+02:00,2024-07-19T23:59:59+02:00,Lazi-D,Assenza di fenomeni significativi prevedibili / NESSUNA ALLERTA,Assenza di fenomeni significativi prevedibili / NESSUNA ALLERTA,Assenza di fenomeni significativi prevedibili / NESSUNA ALLERTA,Assenza di fenomeni significativi prevedibili / NESSUNA ALLERTA
2024-07-18T14:34:59+02:00,2024-07-19T00:00:00+02:00,2024-07-19T23:59:59+02:00,Lazi-E,Assenza di fenomeni significativi prevedibili / NESSUNA ALLERTA,Assenza di fenomeni significativi prevedibili / NESSUNA ALLERTA,Assenza di fenomeni significativi prevedibili / NESSUNA ALLERTA,Assenza di fenomeni significativi prevedibili / NESSUNA ALLERTA
2024-07-18T14:34:59+02:00,2024-07-19T00:00:00+02:00,2024-07-19T23:59:59+02:00,Lazi-F,Assenza di fenomeni significativi prevedibili / NESSUNA ALLERTA,Assenza di fenomeni significativi prevedibili / NESSUNA ALLERTA,Assenza di fenomeni significativi prevedibili / NESSUNA ALLERTA,Assenza di fenomeni significativi prevedibili / NESSUNA ALLERTA
2024-07-18T14:34:59+02:00,2024-07-19T00:00:00+02:00,2024-07-19T23:59:59+02:00,Lazi-G,Assenza di fenomeni significativi prevedibili / NESSUNA ALLERTA,Assenza di fenomeni significativi prevedibili / NESSUNA ALLERTA,Assenza di fenomeni significativi prevedibili / NESSUNA ALLERTA,Assenza di fenomeni significativi prevedibili / NESSUNA ALLERTA
2024-07-18T14:34:59+02:00,2024-07-19T00:00:00+02:00,2024-07-19T23:59:59+02:00,Ligu-A,Assenza di fenomeni significativi prevedibili / NESSUNA ALLERTA,Assenza di fenomeni significativi prevedibili / NESSUNA ALLERTA,Assenza di fenomeni significativi prevedibili / NESSUNA ALLERTA,Assenza di fenomeni significativi prevedibili / NESSUNA ALLERTA
2024-07-18T14:34:59+02:00,2024-07-19T00:00:00+02:00,2024-07-19T23:59:59+02:00,Ligu-B,Assenza di fenomeni significativi prevedibili / NESSUNA ALLERTA,Assenza di fenomeni significativi prevedibili / NESSUNA ALLERTA,Assenza di fenomeni significativi prevedibili / NESSUNA ALLERTA,Assenza di fenomeni significativi prevedibili / NESSUNA ALLERTA
2024-07-18T14:34:59+02:00,2024-07-19T00:00:00+02:00,2024-07-19T23:59:59+02:00,Ligu-C,Assenza di fenomeni significativi prevedibili / NESSUNA ALLERTA,Assenza di fenomeni significativi prevedibili / NESSUNA ALLERTA,Assenza di fenomeni significativi prevedibili / NESSUNA ALLERTA,Assenza di fenomeni significativi prevedibili / NESSUNA ALLERTA
2024-07-18T14:34:59+02:00,2024-07-19T00:00:00+02:00,2024-07-19T23:59:59+02:00,Ligu-D,Assenza di fenomeni significativi prevedibili / NESSUNA ALLERTA,Assenza di fenomeni significativi prevedibili / NESSUNA ALLERTA,Assenza di fenomeni significativi prevedibili / NESSUNA ALLERTA,Assenza di fenomeni significativi prevedibili / NESSUNA ALLERTA
2024-07-18T14:34:59+02:00,2024-07-19T00:00:00+02:00,2024-07-19T23:59:59+02:00,Ligu-E,Assenza di fenomeni significativi prevedibili / NESSUNA ALLERTA,Assenza di fenomeni significativi prevedibili / NESSUNA ALLERTA,Assenza di fenomeni significativi prevedibili / NESSUNA ALLERTA,Assenza di fenomeni significativi prevedibili / NESSUNA ALLERTA
2024-07-18T14:34:59+02:00,2024-07-19T00:00:00+02:00,2024-07-19T23:59:59+02:00,Lomb-01,Assenza di fenomeni significativi prevedibili / NESSUNA ALLERTA,Assenza di fenomeni significativi prevedibili / NESSUNA ALLERTA,Assenza di fenomeni significativi prevedibili / NESSUNA ALLERTA,Assenza di fenomeni significativi prevedibili / NESSUNA ALLERTA
2024-07-18T14:34:59+02:00,2024-07-19T00:00:00+02:00,2024-07-19T23:59:59+02:00,Lomb-02,Ordinaria per rischio temporali / ALLERTA GIALLA,Assenza di fenomeni significativi prevedibili / NESSUNA ALLERTA,Ordinaria / ALLERTA GIALLA,Assenza di fenomeni significativi prevedibili / NESSUNA ALLERTA
2024-07-18T14:34:59+02:00,2024-07-19T00:00:00+02:00,2024-07-19T23:59:59+02:00,Lomb-03,Assenza di fenomeni significativi prevedibili / NESSUNA ALLERTA,Assenza di fenomeni significativi prevedibili / NESSUNA ALLERTA,Assenza di fenomeni significativi prevedibili / NESSUNA ALLERTA,Assenza di fenomeni significativi prevedibili / NESSUNA ALLERTA
2024-07-18T14:34:59+02:00,2024-07-19T00:00:00+02:00,2024-07-19T23:59:59+02:00,Lomb-04,Ordinaria per rischio temporali / ALLERTA GIALLA,Assenza di fenomeni significativi prevedibili / NESSUNA ALLERTA,Ordinaria / ALLERTA GIALLA,Assenza di fenomeni significativi prevedibili / NESSUNA ALLERTA
2024-07-18T14:34:59+02:00,2024-07-19T00:00:00+02:00,2024-07-19T23:59:59+02:00,Lomb-05,Ordinaria per rischio temporali / ALLERTA GIALLA,Assenza di fenomeni significativi prevedibili / NESSUNA ALLERTA,Ordinaria / ALLERTA GIALLA,Assenza di fenomeni significativi prevedibili / NESSUNA ALLERTA
2024-07-18T14:34:59+02:00,2024-07-19T00:00:00+02:00,2024-07-19T23:59:59+02:00,Lomb-06,Ordinaria per rischio temporali / ALLERTA GIALLA,Assenza di fenomeni significativi prevedibili / NESSUNA ALLERTA,Ordinaria / ALLERTA GIALLA,Assenza di fenomeni significativi prevedibili / NESSUNA ALLERTA
2024-07-18T14:34:59+02:00,2024-07-19T00:00:00+02:00,2024-07-19T23:59:59+02:00,Lomb-07,Ordinaria per rischio temporali / ALLERTA GIALLA,Assenza di fenomeni significativi prevedibili / NESSUNA ALLERTA,Ordinaria / ALLERTA GIALLA,Assenza di fenomeni significativi prevedibili / NESSUNA ALLERTA
2024-07-18T14:34:59+02:00,2024-07-19T00:00:00+02:00,2024-07-19T23:59:59+02:00,Lomb-08,Ordinaria per rischio temporali / ALLERTA GIALLA,Assenza di fenomeni significativi prevedibili / NESSUNA ALLERTA,Ordinaria / ALLERTA GIALLA,Assenza di fenomeni significativi prevedibili / NESSUNA ALLERTA
2024-07-18T14:34:59+02:00,2024-07-19T00:00:00+02:00,2024-07-19T23:59:59+02:00,Lomb-09,Assenza di fenomeni significativi prevedibili / NESSUNA ALLERTA,Assenza di fenomeni significativi prevedibili / NESSUNA ALLERTA,Assenza di fenomeni significativi prevedibili / NESSUNA ALLERTA,Assenza di fenomeni significativi prevedibili / NESSUNA ALLERTA
2024-07-18T14:34:59+02:00,2024-07-19T00:00:00+02:00,2024-07-19T23:59:59+02:00,Lomb-10,Ordinaria per rischio temporali / ALLERTA GIALLA,Assenza di fenomeni significativi prevedibili / NESSUNA ALLERTA,Ordinaria / ALLERTA GIALLA,Assenza di fenomeni significativi prevedibili / NESSUNA ALLERTA
2024-07-18T14:34:59+02:00,2024-07-19T00:00:00+02:00,2024-07-19T23:59:59+02:00,Lomb-11,Ordinaria per rischio temporali / ALLERTA GIALLA,Assenza di fenomeni significativi prevedibili / NESSUNA ALLERTA,Ordinaria / ALLERTA GIALLA,Assenza di fenomeni significativi prevedibili / NESSUNA ALLERTA
2024-07-18T14:34:59+02:00,2024-07-19T00:00:00+02:00,2024-07-19T23:59:59+02:00,Lomb-12,Assenza di fenomeni significativi prevedibili / NESSUNA ALLERTA,Assenza di fenomeni significativi prevedibili / NESSUNA ALLERTA,Assenza di fenomeni significativi prevedibili / NESSUNA ALLERTA,Assenza di fenomeni significativi prevedibili / NESSUNA ALLERTA
2024-07-18T14:34:59+02:00,2024-07-19T00:00:00+02:00,2024-07-19T23:59:59+02:00,Lomb-13,Assenza di fenomeni significativi prevedibili / NESSUNA ALLERTA,Assenza di fenomeni significativi prevedibili / NESSUNA ALLERTA,Assenza di fenomeni significativi prevedibili / NESSUNA ALLERTA,Assenza di fenomeni significativi prevedibili / NESSUNA ALLERTA
2024-07-18T14:34:59+02:00,2024-07-19T00:00:00+02:00,2024-07-19T23:59:59+02:00,Lomb-14,Ordinaria per rischio temporali / ALLERTA GIALLA,Assenza di fenomeni significativi prevedibili / NESSUNA ALLERTA,Ordinaria / ALLERTA GIALLA,Assenza di fenomeni significativi prevedibili / NESSUNA ALLERTA
2024-07-18T14:34:59+02:00,2024-07-19T00:00:00+02:00,2024-07-19T23:59:59+02:00,Lomb-15,Ordinaria per rischio temporali / ALLERTA GIALLA,Assenza di fenomeni significativi prevedibili / NESSUNA ALLERTA,Ordinaria / ALLERTA GIALLA,Assenza di fenomeni significativi prevedibili / NESSUNA ALLERTA
2024-07-18T14:34:59+02:00,2024-07-19T00:00:00+02:00,2024-07-19T23:59:59+02:00,Lomb-16,Assenza di fenomeni significativi prevedibili / NESSUNA ALLERTA,Assenza di fenomeni significativi prevedibili / NESSUNA ALLERTA,Assenza di fenomeni significativi prevedibili / NESSUNA ALLERTA,Assenza di fenomeni significativi prevedibili / NESSUNA ALLERTA
2024-07-18T14:34:59+02:00,2024-07-19T00:00:00+02:00,2024-07-19T23:59:59+02:00,Marc-1,Assenza di fenomeni significativi prevedibili / NESSUNA ALLERTA,Assenza di fenomeni significativi prevedibili / NESSUNA ALLERTA,Assenza di fenomeni significativi prevedibili / NESSUNA ALLERTA,Assenza di fenomeni significativi prevedibili / NESSUNA ALLERTA
2024-07-18T14:34:59+02:00,2024-07-19T00:00:00+02:00,2024-07-19T23:59:59+02:00,Marc-2,Assenza di fenomeni significativi prevedibili / NESSUNA ALLERTA,Assenza di fenomeni significativi prevedibili / NESSUNA ALLERTA,Assenza di fenomeni significativi prevedibili / NESSUNA ALLERTA,Assenza di fenomeni significativi prevedibili / NESSUNA ALLERTA
2024-07-18T14:34:59+02:00,2024-07-19T00:00:00+02:00,2024-07-19T23:59:59+02:00,Marc-3,Assenza di fenomeni significativi prevedibili / NESSUNA ALLERTA,Assenza di fenomeni significativi prevedibili / NESSUNA ALLERTA,Assenza di fenomeni significativi prevedibili / NESSUNA ALLERTA,Assenza di fenomeni significativi prevedibili / NESSUNA ALLERTA
2024-07-18T14:34:59+02:00,2024-07-19T00:00:00+02:00,2024-07-19T23:59:59+02:00,Marc-4,Assenza di fenomeni significativi prevedibili / NESSUNA ALLERTA,Assenza di fenomeni significativi prevedibili / NESSUNA ALLERTA,Assenza di fenomeni significativi prevedibili / NESSUNA ALLERTA,Assenza di fenomeni significativi prevedibili / NESSUNA ALLERTA
2024-07-18T14:34:59+02:00,2024-07-19T00:00:00+02:00,2024-07-19T23:59:59+02:00,Marc-5,Assenza di fenomeni significativi prevedibili / NESSUNA ALLERTA,Assenza di fenomeni significativi prevedibili / NESSUNA ALLERTA,Assenza di fenomeni significativi prevedibili / NESSUNA ALLERTA,Assenza di fenomeni significativi prevedibili / NESSUNA ALLERTA
2024-07-18T14:34:59+02:00,2024-07-19T00:00:00+02:00,2024-07-19T23:59:59+02:00,Marc-6,Assenza di fenomeni significativi prevedibili / NESSUNA ALLERTA,Assenza di fenomeni significativi prevedibili / NESSUNA ALLERTA,Assenza di fenomeni significativi prevedibili / NESSUNA ALLERTA,Assenza di fenomeni significativi prevedibili / NESSUNA ALLERTA
2024-07-18T14:34:59+02:00,2024-07-19T00:00:00+02:00,2024-07-19T23:59:59+02:00,Moli-A,Assenza di fenomeni significativi prevedibili / NESSUNA ALLERTA,Assenza di fenomeni significativi prevedibili / NESSUNA ALLERTA,Assenza di fenomeni significativi prevedibili / NESSUNA ALLERTA,Assenza di fenomeni significativi prevedibili / NESSUNA ALLERTA
2024-07-18T14:34:59+02:00,2024-07-19T00:00:00+02:00,2024-07-19T23:59:59+02:00,Moli-B,Assenza di fenomeni significativi prevedibili / NESSUNA ALLERTA,Assenza di fenomeni significativi prevedibili / NESSUNA ALLERTA,Assenza di fenomeni significativi prevedibili / NESSUNA ALLERTA,Assenza di fenomeni significativi prevedibili / NESSUNA ALLERTA
2024-07-18T14:34:59+02:00,2024-07-19T00:00:00+02:00,2024-07-19T23:59:59+02:00,Moli-C,Assenza di fenomeni significativi prevedibili / NESSUNA ALLERTA,Assenza di fenomeni significativi prevedibili / NESSUNA ALLERTA,Assenza di fenomeni significativi prevedibili / NESSUNA ALLERTA,Assenza di fenomeni significativi prevedibili / NESSUNA ALLERTA
2024-07-18T14:34:59+02:00,2024-07-19T00:00:00+02:00,2024-07-19T23:59:59+02:00,Piem-A,Assenza di fenomeni significativi prevedibili / NESSUNA ALLERTA,Assenza di fenomeni significativi prevedibili / NESSUNA ALLERTA,Assenza di fenomeni significativi prevedibili / NESSUNA ALLERTA,Assenza di fenomeni significativi prevedibili / NESSUNA ALLERTA
2024-07-18T14:34:59+02:00,2024-07-19T00:00:00+02:00,2024-07-19T23:59:59+02:00,Piem-B,Assenza di fenomeni significativi prevedibili / NESSUNA ALLERTA,Assenza di fenomeni significativi prevedibili / NESSUNA ALLERTA,Assenza di fenomeni significativi prevedibili / NESSUNA ALLERTA,Assenza di fenomeni significativi prevedibili / NESSUNA ALLERTA
2024-07-18T14:34:59+02:00,2024-07-19T00:00:00+02:00,2024-07-19T23:59:59+02:00,Piem-C,Assenza di fenomeni significativi prevedibili / NESSUNA ALLERTA,Assenza di fenomeni significativi prevedibili / NESSUNA ALLERTA,Assenza di fenomeni significativi prevedibili / NESSUNA ALLERTA,Assenza di fenomeni significativi prevedibili / NESSUNA ALLERTA
2024-07-18T14:34:59+02:00,2024-07-19T00:00:00+02:00,2024-07-19T23:59:59+02:00,Piem-D,Assenza di fenomeni significativi prevedibili / NESSUNA ALLERTA,Assenza di fenomeni significativi prevedibili / NESSUNA ALLERTA,Assenza di fenomeni significativi prevedibili / NESSUNA ALLERTA,Assenza di fenomeni significativi prevedibili / NESSUNA ALLERTA
2024-07-18T14:34:59+02:00,2024-07-19T00:00:00+02:00,2024-07-19T23:59:59+02:00,Piem-E,Assenza di fenomeni significativi prevedibili / NESSUNA ALLERTA,Assenza di fenomeni significativi prevedibili / NESSUNA ALLERTA,Assenza di fenomeni significativi prevedibili / NESSUNA ALLERTA,Assenza di fenomeni significativi prevedibili / NESSUNA ALLERTA
2024-07-18T14:34:59+02:00,2024-07-19T00:00:00+02:00,2024-07-19T23:59:59+02:00,Piem-F,Assenza di fenomeni significativi prevedibili / NESSUNA ALLERTA,Assenza di fenomeni significativi prevedibili / NESSUNA ALLERTA,Assenza di fenomeni significativi prevedibili / NESSUNA ALLERTA,Assenza di fenomeni significativi prevedibili / NESSUNA ALLERTA
2024-07-18T14:34:59+02:00,2024-07-19T00:00:00+02:00,2024-07-19T23:59:59+02:00,Piem-G,Assenza di fenomeni significativi prevedibili / NESSUNA ALLERTA,Assenza di fenomeni significativi prevedibili / NESSUNA ALLERTA,Assenza di fenomeni significativi prevedibili / NESSUNA ALLERTA,Assenza di fenomeni significativi prevedibili / NESSUNA ALLERTA
2024-07-18T14:34:59+02:00,2024-07-19T00:00:00+02:00,2024-07-19T23:59:59+02:00,Piem-H,Assenza di fenomeni significativi prevedibili / NESSUNA ALLERTA,Assenza di fenomeni significativi prevedibili / NESSUNA ALLERTA,Assenza di fenomeni significativi prevedibili / NESSUNA ALLERTA,Assenza di fenomeni significativi prevedibili / NESSUNA ALLERTA
2024-07-18T14:34:59+02:00,2024-07-19T00:00:00+02:00,2024-07-19T23:59:59+02:00,Piem-I,Assenza di fenomeni significativi prevedibili / NESSUNA ALLERTA,Assenza di fenomeni significativi prevedibili / NESSUNA ALLERTA,Assenza di fenomeni significativi prevedibili / NESSUNA ALLERTA,Assenza di fenomeni significativi prevedibili / NESSUNA ALLERTA
2024-07-18T14:34:59+02:00,2024-07-19T00:00:00+02:00,2024-07-19T23:59:59+02:00,Piem-L,Assenza di fenomeni significativi prevedibili / NESSUNA ALLERTA,Assenza di fenomeni significativi prevedibili / NESSUNA ALLERTA,Assenza di fenomeni significativi prevedibili / NESSUNA ALLERTA,Assenza di fenomeni significativi prevedibili / NESSUNA ALLERTA
2024-07-18T14:34:59+02:00,2024-07-19T00:00:00+02:00,2024-07-19T23:59:59+02:00,Piem-M,Assenza di fenomeni significativi prevedibili / NESSUNA ALLERTA,Assenza di fenomeni significativi prevedibili / NESSUNA ALLERTA,Assenza di fenomeni significativi prevedibili / NESSUNA ALLERTA,Assenza di fenomeni significativi prevedibili / NESSUNA ALLERTA
2024-07-18T14:34:59+02:00,2024-07-19T00:00:00+02:00,2024-07-19T23:59:59+02:00,Pugl-A,Assenza di fenomeni significativi prevedibili / NESSUNA ALLERTA,Assenza di fenomeni significativi prevedibili / NESSUNA ALLERTA,Assenza di fenomeni significativi prevedibili / NESSUNA ALLERTA,Assenza di fenomeni significativi prevedibili / NESSUNA ALLERTA
2024-07-18T14:34:59+02:00,2024-07-19T00:00:00+02:00,2024-07-19T23:59:59+02:00,Pugl-B,Assenza di fenomeni significativi prevedibili / NESSUNA ALLERTA,Assenza di fenomeni significativi prevedibili / NESSUNA ALLERTA,Assenza di fenomeni significativi prevedibili / NESSUNA ALLERTA,Assenza di fenomeni significativi prevedibili / NESSUNA ALLERTA
2024-07-18T14:34:59+02:00,2024-07-19T00:00:00+02:00,2024-07-19T23:59:59+02:00,Pugl-C,Assenza di fenomeni significativi prevedibili / NESSUNA ALLERTA,Assenza di fenomeni significativi prevedibili / NESSUNA ALLERTA,Assenza di fenomeni significativi prevedibili / NESSUNA ALLERTA,Assenza di fenomeni significativi prevedibili / NESSUNA ALLERTA
2024-07-18T14:34:59+02:00,2024-07-19T00:00:00+02:00,2024-07-19T23:59:59+02:00,Pugl-D,Assenza di fenomeni significativi prevedibili / NESSUNA ALLERTA,Assenza di fenomeni significativi prevedibili / NESSUNA ALLERTA,Assenza di fenomeni significativi prevedibili / NESSUNA ALLERTA,Assenza di fenomeni significativi prevedibili / NESSUNA ALLERTA
2024-07-18T14:34:59+02:00,2024-07-19T00:00:00+02:00,2024-07-19T23:59:59+02:00,Pugl-E,Assenza di fenomeni significativi prevedibili / NESSUNA ALLERTA,Assenza di fenomeni significativi prevedibili / NESSUNA ALLERTA,Assenza di fenomeni significativi prevedibili / NESSUNA ALLERTA,Assenza di fenomeni significativi prevedibili / NESSUNA ALLERTA
2024-07-18T14:34:59+02:00,2024-07-19T00:00:00+02:00,2024-07-19T23:59:59+02:00,Pugl-F,Assenza di fenomeni significativi prevedibili / NESSUNA ALLERTA,Assenza di fenomeni significativi prevedibili / NESSUNA ALLERTA,Assenza di fenomeni significativi prevedibili / NESSUNA ALLERTA,Assenza di fenomeni significativi prevedibili / NESSUNA ALLERTA
2024-07-18T14:34:59+02:00,2024-07-19T00:00:00+02:00,2024-07-19T23:59:59+02:00,Pugl-G,Assenza di fenomeni significativi prevedibili / NESSUNA ALLERTA,Assenza di fenomeni significativi prevedibili / NESSUNA ALLERTA,Assenza di fenomeni significativi prevedibili / NESSUNA ALLERTA,Assenza di fenomeni significativi prevedibili / NESSUNA ALLERTA
2024-07-18T14:34:59+02:00,2024-07-19T00:00:00+02:00,2024-07-19T23:59:59+02:00,Pugl-H,Assenza di fenomeni significativi prevedibili / NESSUNA ALLERTA,Assenza di fenomeni significativi prevedibili / NESSUNA ALLERTA,Assenza di fenomeni significativi prevedibili / NESSUNA ALLERTA,Assenza di fenomeni significativi prevedibili / NESSUNA ALLERTA
2024-07-18T14:34:59+02:00,2024-07-19T00:00:00+02:00,2024-07-19T23:59:59+02:00,Pugl-I,Assenza di fenomeni significativi prevedibili / NESSUNA ALLERTA,Assenza di fenomeni significativi prevedibili / NESSUNA ALLERTA,Assenza di fenomeni significativi prevedibili / NESSUNA ALLERTA,Assenza di fenomeni significativi prevedibili / NESSUNA ALLERTA
2024-07-18T14:34:59+02:00,2024-07-19T00:00:00+02:00,2024-07-19T23:59:59+02:00,Sard-A,Assenza di fenomeni significativi prevedibili / NESSUNA ALLERTA,Assenza di fenomeni significativi prevedibili / NESSUNA ALLERTA,Assenza di fenomeni significativi prevedibili / NESSUNA ALLERTA,Assenza di fenomeni significativi prevedibili / NESSUNA ALLERTA
2024-07-18T14:34:59+02:00,2024-07-19T00:00:00+02:00,2024-07-19T23:59:59+02:00,Sard-B,Assenza di fenomeni significativi prevedibili / NESSUNA ALLERTA,Assenza di fenomeni significativi prevedibili / NESSUNA ALLERTA,Assenza di fenomeni significativi prevedibili / NESSUNA ALLERTA,Assenza di fenomeni significativi prevedibili / NESSUNA ALLERTA
2024-07-18T14:34:59+02:00,2024-07-19T00:00:00+02:00,2024-07-19T23:59:59+02:00,Sard-C,Assenza di fenomeni significativi prevedibili / NESSUNA ALLERTA,Assenza di fenomeni significativi prevedibili / NESSUNA ALLERTA,Assenza di fenomeni significativi prevedibili / NESSUNA ALLERTA,Assenza di fenomeni significativi prevedibili / NESSUNA ALLERTA
2024-07-18T14:34:59+02:00,2024-07-19T00:00:00+02:00,2024-07-19T23:59:59+02:00,Sard-D,Assenza di fenomeni significativi prevedibili / NESSUNA ALLERTA,Assenza di fenomeni significativi prevedibili / NESSUNA ALLERTA,Assenza di fenomeni significativi prevedibili / NESSUNA ALLERTA,Assenza di fenomeni significativi prevedibili / NESSUNA ALLERTA
2024-07-18T14:34:59+02:00,2024-07-19T00:00:00+02:00,2024-07-19T23:59:59+02:00,Sard-E,Assenza di fenomeni significativi prevedibili / NESSUNA ALLERTA,Assenza di fenomeni significativi prevedibili / NESSUNA ALLERTA,Assenza di fenomeni significativi prevedibili / NESSUNA ALLERTA,Assenza di fenomeni significativi prevedibili / NESSUNA ALLERTA
2024-07-18T14:34:59+02:00,2024-07-19T00:00:00+02:00,2024-07-19T23:59:59+02:00,Sard-F,Assenza di fenomeni significativi prevedibili / NESSUNA ALLERTA,Assenza di fenomeni significativi prevedibili / NESSUNA ALLERTA,Assenza di fenomeni significativi prevedibili / NESSUNA ALLERTA,Assenza di fenomeni significativi prevedibili / NESSUNA ALLERTA
2024-07-18T14:34:59+02:00,2024-07-19T00:00:00+02:00,2024-07-19T23:59:59+02:00,Sard-G,Assenza di fenomeni significativi prevedibili / NESSUNA ALLERTA,Assenza di fenomeni significativi prevedibili / NESSUNA ALLERTA,Assenza di fenomeni significativi prevedibili / NESSUNA ALLERTA,Assenza di fenomeni significativi prevedibili / NESSUNA ALLERTA
2024-07-18T14:34:59+02:00,2024-07-19T00:00:00+02:00,2024-07-19T23:59:59+02:00,Sici-A,Assenza di fenomeni significativi prevedibili / NESSUNA ALLERTA,Assenza di fenomeni significativi prevedibili / NESSUNA ALLERTA,Assenza di fenomeni significativi prevedibili / NESSUNA ALLERTA,Assenza di fenomeni significativi prevedibili / NESSUNA ALLERTA
2024-07-18T14:34:59+02:00,2024-07-19T00:00:00+02:00,2024-07-19T23:59:59+02:00,Sici-B,Assenza di fenomeni significativi prevedibili / NESSUNA ALLERTA,Assenza di fenomeni significativi prevedibili / NESSUNA ALLERTA,Assenza di fenomeni significativi prevedibili / NESSUNA ALLERTA,Assenza di fenomeni significativi prevedibili / NESSUNA ALLERTA
2024-07-18T14:34:59+02:00,2024-07-19T00:00:00+02:00,2024-07-19T23:59:59+02:00,Sici-C,Assenza di fenomeni significativi prevedibili / NESSUNA ALLERTA,Assenza di fenomeni significativi prevedibili / NESSUNA ALLERTA,Assenza di fenomeni significativi prevedibili / NESSUNA ALLERTA,Assenza di fenomeni significativi prevedibili / NESSUNA ALLERTA
2024-07-18T14:34:59+02:00,2024-07-19T00:00:00+02:00,2024-07-19T23:59:59+02:00,Sici-D,Assenza di fenomeni significativi prevedibili / NESSUNA ALLERTA,Assenza di fenomeni significativi prevedibili / NESSUNA ALLERTA,Assenza di fenomeni significativi prevedibili / NESSUNA ALLERTA,Assenza di fenomeni significativi prevedibili / NESSUNA ALLERTA
2024-07-18T14:34:59+02:00,2024-07-19T00:00:00+02:00,2024-07-19T23:59:59+02:00,Sici-E,Assenza di fenomeni significativi prevedibili / NESSUNA ALLERTA,Assenza di fenomeni significativi prevedibili / NESSUNA ALLERTA,Assenza di fenomeni significativi prevedibili / NESSUNA ALLERTA,Assenza di fenomeni significativi prevedibili / NESSUNA ALLERTA
2024-07-18T14:34:59+02:00,2024-07-19T00:00:00+02:00,2024-07-19T23:59:59+02:00,Sici-F,Assenza di fenomeni significativi prevedibili / NESSUNA ALLERTA,Assenza di fenomeni significativi prevedibili / NESSUNA ALLERTA,Assenza di fenomeni significativi prevedibili / NESSUNA ALLERTA,Assenza di fenomeni significativi prevedibili / NESSUNA ALLERTA
2024-07-18T14:34:59+02:00,2024-07-19T00:00:00+02:00,2024-07-19T23:59:59+02:00,Sici-G,Assenza di fenomeni significativi prevedibili / NESSUNA ALLERTA,Assenza di fenomeni significativi prevedibili / NESSUNA ALLERTA,Assenza di fenomeni significativi prevedibili / NESSUNA ALLERTA,Assenza di fenomeni significativi prevedibili / NESSUNA ALLERTA
2024-07-18T14:34:59+02:00,2024-07-19T00:00:00+02:00,2024-07-19T23:59:59+02:00,Sici-H,Assenza di fenomeni significativi prevedibili / NESSUNA ALLERTA,Assenza di fenomeni significativi prevedibili / NESSUNA ALLERTA,Assenza di fenomeni significativi prevedibili / NESSUNA ALLERTA,Assenza di fenomeni significativi prevedibili / NESSUNA ALLERTA
2024-07-18T14:34:59+02:00,2024-07-19T00:00:00+02:00,2024-07-19T23:59:59+02:00,Sici-I,Assenza di fenomeni significativi prevedibili / NESSUNA ALLERTA,Assenza di fenomeni significativi prevedibili / NESSUNA ALLERTA,Assenza di fenomeni significativi prevedibili / NESSUNA ALLERTA,Assenza di fenomeni significativi prevedibili / NESSUNA ALLERTA
2024-07-18T14:34:59+02:00,2024-07-19T00:00:00+02:00,2024-07-19T23:59:59+02:00,Tosc-A1,Assenza di fenomeni significativi prevedibili / NESSUNA ALLERTA,Assenza di fenomeni significativi prevedibili / NESSUNA ALLERTA,Assenza di fenomeni significativi prevedibili / NESSUNA ALLERTA,Assenza di fenomeni significativi prevedibili / NESSUNA ALLERTA
2024-07-18T14:34:59+02:00,2024-07-19T00:00:00+02:00,2024-07-19T23:59:59+02:00,Tosc-A2,Assenza di fenomeni significativi prevedibili / NESSUNA ALLERTA,Assenza di fenomeni significativi prevedibili / NESSUNA ALLERTA,Assenza di fenomeni significativi prevedibili / NESSUNA ALLERTA,Assenza di fenomeni significativi prevedibili / NESSUNA ALLERTA
2024-07-18T14:34:59+02:00,2024-07-19T00:00:00+02:00,2024-07-19T23:59:59+02:00,Tosc-A3,Assenza di fenomeni significativi prevedibili / NESSUNA ALLERTA,Assenza di fenomeni significativi prevedibili / NESSUNA ALLERTA,Assenza di fenomeni significativi prevedibili / NESSUNA ALLERTA,Assenza di fenomeni significativi prevedibili / NESSUNA ALLERTA
2024-07-18T14:34:59+02:00,2024-07-19T00:00:00+02:00,2024-07-19T23:59:59+02:00,Tosc-A4,Assenza di fenomeni significativi prevedibili / NESSUNA ALLERTA,Assenza di fenomeni significativi prevedibili / NESSUNA ALLERTA,Assenza di fenomeni significativi prevedibili / NESSUNA ALLERTA,Assenza di fenomeni significativi prevedibili / NESSUNA ALLERTA
2024-07-18T14:34:59+02:00,2024-07-19T00:00:00+02:00,2024-07-19T23:59:59+02:00,Tosc-A5,Assenza di fenomeni significativi prevedibili / NESSUNA ALLERTA,Assenza di fenomeni significativi prevedibili / NESSUNA ALLERTA,Assenza di fenomeni significativi prevedibili / NESSUNA ALLERTA,Assenza di fenomeni significativi prevedibili / NESSUNA ALLERTA
2024-07-18T14:34:59+02:00,2024-07-19T00:00:00+02:00,2024-07-19T23:59:59+02:00,Tosc-A6,Assenza di fenomeni significativi prevedibili / NESSUNA ALLERTA,Assenza di fenomeni significativi prevedibili / NESSUNA ALLERTA,Assenza di fenomeni significativi prevedibili / NESSUNA ALLERTA,Assenza di fenomeni significativi prevedibili / NESSUNA ALLERTA
2024-07-18T14:34:59+02:00,2024-07-19T00:00:00+02:00,2024-07-19T23:59:59+02:00,Tosc-B,Assenza di fenomeni significativi prevedibili / NESSUNA ALLERTA,Assenza di fenomeni significativi prevedibili / NESSUNA ALLERTA,Assenza di fenomeni significativi prevedibili / NESSUNA ALLERTA,Assenza di fenomeni significativi prevedibili / NESSUNA ALLERTA
2024-07-18T14:34:59+02:00,2024-07-19T00:00:00+02:00,2024-07-19T23:59:59+02:00,Tosc-C,Assenza di fenomeni significativi prevedibili / NESSUNA ALLERTA,Assenza di fenomeni significativi prevedibili / NESSUNA ALLERTA,Assenza di fenomeni significativi prevedibili / NESSUNA ALLERTA,Assenza di fenomeni significativi prevedibili / NESSUNA ALLERTA
2024-07-18T14:34:59+02:00,2024-07-19T00:00:00+02:00,2024-07-19T23:59:59+02:00,Tosc-E1,Assenza di fenomeni significativi prevedibili / NESSUNA ALLERTA,Assenza di fenomeni significativi prevedibili / NESSUNA ALLERTA,Assenza di fenomeni significativi prevedibili / NESSUNA ALLERTA,Assenza di fenomeni significativi prevedibili / NESSUNA ALLERTA
2024-07-18T14:34:59+02:00,2024-07-19T00:00:00+02:00,2024-07-19T23:59:59+02:00,Tosc-E2,Assenza di fenomeni significativi prevedibili / NESSUNA ALLERTA,Assenza di fenomeni significativi prevedibili / NESSUNA ALLERTA,Assenza di fenomeni significativi prevedibili / NESSUNA ALLERTA,Assenza di fenomeni significativi prevedibili / NESSUNA ALLERTA
2024-07-18T14:34:59+02:00,2024-07-19T00:00:00+02:00,2024-07-19T23:59:59+02:00,Tosc-E3,Assenza di fenomeni significativi prevedibili / NESSUNA ALLERTA,Assenza di fenomeni significativi prevedibili / NESSUNA ALLERTA,Assenza di fenomeni significativi prevedibili / NESSUNA ALLERTA,Assenza di fenomeni significativi prevedibili / NESSUNA ALLERTA
2024-07-18T14:34:59+02:00,2024-07-19T00:00:00+02:00,2024-07-19T23:59:59+02:00,Tosc-F1,Assenza di fenomeni significativi prevedibili / NESSUNA ALLERTA,Assenza di fenomeni significativi prevedibili / NESSUNA ALLERTA,Assenza di fenomeni significativi prevedibili / NESSUNA ALLERTA,Assenza di fenomeni significativi prevedibili / NESSUNA ALLERTA
2024-07-18T14:34:59+02:00,2024-07-19T00:00:00+02:00,2024-07-19T23:59:59+02:00,Tosc-F2,Assenza di fenomeni significativi prevedibili / NESSUNA ALLERTA,Assenza di fenomeni significativi prevedibili / NESSUNA ALLERTA,Assenza di fenomeni significativi prevedibili / NESSUNA ALLERTA,Assenza di fenomeni significativi prevedibili / NESSUNA ALLERTA
2024-07-18T14:34:59+02:00,2024-07-19T00:00:00+02:00,2024-07-19T23:59:59+02:00,Tosc-I,Assenza di fenomeni significativi prevedibili / NESSUNA ALLERTA,Assenza di fenomeni significativi prevedibili / NESSUNA ALLERTA,Assenza di fenomeni significativi prevedibili / NESSUNA ALLERTA,Assenza di fenomeni significativi prevedibili / NESSUNA ALLERTA
2024-07-18T14:34:59+02:00,2024-07-19T00:00:00+02:00,2024-07-19T23:59:59+02:00,Tosc-L,Assenza di fenomeni significativi prevedibili / NESSUNA ALLERTA,Assenza di fenomeni significativi prevedibili / NESSUNA ALLERTA,Assenza di fenomeni significativi prevedibili / NESSUNA ALLERTA,Assenza di fenomeni significativi prevedibili / NESSUNA ALLERTA
2024-07-18T14:34:59+02:00,2024-07-19T00:00:00+02:00,2024-07-19T23:59:59+02:00,Tosc-M,Assenza di fenomeni significativi prevedibili / NESSUNA ALLERTA,Assenza di fenomeni significativi prevedibili / NESSUNA ALLERTA,Assenza di fenomeni significativi prevedibili / NESSUNA ALLERTA,Assenza di fenomeni significativi prevedibili / NESSUNA ALLERTA
2024-07-18T14:34:59+02:00,2024-07-19T00:00:00+02:00,2024-07-19T23:59:59+02:00,Tosc-O1,Assenza di fenomeni significativi prevedibili / NESSUNA ALLERTA,Assenza di fenomeni significativi prevedibili / NESSUNA ALLERTA,Assenza di fenomeni significativi prevedibili / NESSUNA ALLERTA,Assenza di fenomeni significativi prevedibili / NESSUNA ALLERTA
2024-07-18T14:34:59+02:00,2024-07-19T00:00:00+02:00,2024-07-19T23:59:59+02:00,Tosc-O2,Assenza di fenomeni significativi prevedibili / NESSUNA ALLERTA,Assenza di fenomeni significativi prevedibili / NESSUNA ALLERTA,Assenza di fenomeni significativi prevedibili / NESSUNA ALLERTA,Assenza di fenomeni significativi prevedibili / NESSUNA ALLERTA
2024-07-18T14:34:59+02:00,2024-07-19T00:00:00+02:00,2024-07-19T23:59:59+02:00,Tosc-O3,Assenza di fenomeni significativi prevedibili / NESSUNA ALLERTA,Assenza di fenomeni significativi prevedibili / NESSUNA ALLERTA,Assenza di fenomeni significativi prevedibili / NESSUNA ALLERTA,Assenza di fenomeni significativi prevedibili / NESSUNA ALLERTA
2024-07-18T14:34:59+02:00,2024-07-19T00:00:00+02:00,2024-07-19T23:59:59+02:00,Tosc-R1,Assenza di fenomeni significativi prevedibili / NESSUNA ALLERTA,Assenza di fenomeni significativi prevedibili / NESSUNA ALLERTA,Assenza di fenomeni significativi prevedibili / NESSUNA ALLERTA,Assenza di fenomeni significativi prevedibili / NESSUNA ALLERTA
2024-07-18T14:34:59+02:00,2024-07-19T00:00:00+02:00,2024-07-19T23:59:59+02:00,Tosc-R2,Assenza di fenomeni significativi prevedibili / NESSUNA ALLERTA,Assenza di fenomeni significativi prevedibili / NESSUNA ALLERTA,Assenza di fenomeni significativi prevedibili / NESSUNA ALLERTA,Assenza di fenomeni significativi prevedibili / NESSUNA ALLERTA
2024-07-18T14:34:59+02:00,2024-07-19T00:00:00+02:00,2024-07-19T23:59:59+02:00,Tosc-S1,Assenza di fenomeni significativi prevedibili / NESSUNA ALLERTA,Assenza di fenomeni significativi prevedibili / NESSUNA ALLERTA,Assenza di fenomeni significativi prevedibili / NESSUNA ALLERTA,Assenza di fenomeni significativi prevedibili / NESSUNA ALLERTA
2024-07-18T14:34:59+02:00,2024-07-19T00:00:00+02:00,2024-07-19T23:59:59+02:00,Tosc-S2,Assenza di fenomeni significativi prevedibili / NESSUNA ALLERTA,Assenza di fenomeni significativi prevedibili / NESSUNA ALLERTA,Assenza di fenomeni significativi prevedibili / NESSUNA ALLERTA,Assenza di fenomeni significativi prevedibili / NESSUNA ALLERTA
2024-07-18T14:34:59+02:00,2024-07-19T00:00:00+02:00,2024-07-19T23:59:59+02:00,Tosc-S3,Assenza di fenomeni significativi prevedibili / NESSUNA ALLERTA,Assenza di fenomeni significativi prevedibili / NESSUNA ALLERTA,Assenza di fenomeni significativi prevedibili / NESSUNA ALLERTA,Assenza di fenomeni significativi prevedibili / NESSUNA ALLERTA
2024-07-18T14:34:59+02:00,2024-07-19T00:00:00+02:00,2024-07-19T23:59:59+02:00,Tosc-T,Assenza di fenomeni significativi prevedibili / NESSUNA ALLERTA,Assenza di fenomeni significativi prevedibili / NESSUNA ALLERTA,Assenza di fenomeni significativi prevedibili / NESSUNA ALLERTA,Assenza di fenomeni significativi prevedibili / NESSUNA ALLERTA
2024-07-18T14:34:59+02:00,2024-07-19T00:00:00+02:00,2024-07-19T23:59:59+02:00,Tosc-V,Assenza di fenomeni significativi prevedibili / NESSUNA ALLERTA,Assenza di fenomeni significativi prevedibili / NESSUNA ALLERTA,Assenza di fenomeni significativi prevedibili / NESSUNA ALLERTA,Assenza di fenomeni significativi prevedibili / NESSUNA ALLERTA
2024-07-18T14:34:59+02:00,2024-07-19T00:00:00+02:00,2024-07-19T23:59:59+02:00,Tren-A,Ordinaria per rischio temporali / ALLERTA GIALLA,Ordinaria / ALLERTA GIALLA,Ordinaria / ALLERTA GIALLA,Assenza di fenomeni significativi prevedibili / NESSUNA ALLERTA
2024-07-18T14:34:59+02:00,2024-07-19T00:00:00+02:00,2024-07-19T23:59:59+02:00,Tren-B,Ordinaria per rischio temporali / ALLERTA GIALLA,Ordinaria / ALLERTA GIALLA,Ordinaria / ALLERTA GIALLA,Assenza di fenomeni significativi prevedibili / NESSUNA ALLERTA
2024-07-18T14:34:59+02:00,2024-07-19T00:00:00+02:00,2024-07-19T23:59:59+02:00,Umbr-A,Assenza di fenomeni significativi prevedibili / NESSUNA ALLERTA,Assenza di fenomeni significativi prevedibili / NESSUNA ALLERTA,Assenza di fenomeni significativi prevedibili / NESSUNA ALLERTA,Assenza di fenomeni significativi prevedibili / NESSUNA ALLERTA
2024-07-18T14:34:59+02:00,2024-07-19T00:00:00+02:00,2024-07-19T23:59:59+02:00,Umbr-B,Assenza di fenomeni significativi prevedibili / NESSUNA ALLERTA,Assenza di fenomeni significativi prevedibili / NESSUNA ALLERTA,Assenza di fenomeni significativi prevedibili / NESSUNA ALLERTA,Assenza di fenomeni significativi prevedibili / NESSUNA ALLERTA
2024-07-18T14:34:59+02:00,2024-07-19T00:00:00+02:00,2024-07-19T23:59:59+02:00,Umbr-C,Assenza di fenomeni significativi prevedibili / NESSUNA ALLERTA,Assenza di fenomeni significativi prevedibili / NESSUNA ALLERTA,Assenza di fenomeni significativi prevedibili / NESSUNA ALLERTA,Assenza di fenomeni significativi prevedibili / NESSUNA ALLERTA
2024-07-18T14:34:59+02:00,2024-07-19T00:00:00+02:00,2024-07-19T23:59:59+02:00,Umbr-D,Assenza di fenomeni significativi prevedibili / NESSUNA ALLERTA,Assenza di fenomeni significativi prevedibili / NESSUNA ALLERTA,Assenza di fenomeni significativi prevedibili / NESSUNA ALLERTA,Assenza di fenomeni significativi prevedibili / NESSUNA ALLERTA
2024-07-18T14:34:59+02:00,2024-07-19T00:00:00+02:00,2024-07-19T23:59:59+02:00,Umbr-E,Assenza di fenomeni significativi prevedibili / NESSUNA ALLERTA,Assenza di fenomeni significativi prevedibili / NESSUNA ALLERTA,Assenza di fenomeni significativi prevedibili / NESSUNA ALLERTA,Assenza di fenomeni significativi prevedibili / NESSUNA ALLERTA
2024-07-18T14:34:59+02:00,2024-07-19T00:00:00+02:00,2024-07-19T23:59:59+02:00,Umbr-F,Assenza di fenomeni significativi prevedibili / NESSUNA ALLERTA,Assenza di fenomeni significativi prevedibili / NESSUNA ALLERTA,Assenza di fenomeni significativi prevedibili / NESSUNA ALLERTA,Assenza di fenomeni significativi prevedibili / NESSUNA ALLERTA
2024-07-18T14:34:59+02:00,2024-07-19T00:00:00+02:00,2024-07-19T23:59:59+02:00,VDAo-A,Assenza di fenomeni significativi prevedibili / NESSUNA ALLERTA,Assenza di fenomeni significativi prevedibili / NESSUNA ALLERTA,Assenza di fenomeni significativi prevedibili / NESSUNA ALLERTA,Assenza di fenomeni significativi prevedibili / NESSUNA ALLERTA
2024-07-18T14:34:59+02:00,2024-07-19T00:00:00+02:00,2024-07-19T23:59:59+02:00,VDAo-B,Assenza di fenomeni significativi prevedibili / NESSUNA ALLERTA,Assenza di fenomeni significativi prevedibili / NESSUNA ALLERTA,Assenza di fenomeni significativi prevedibili / NESSUNA ALLERTA,Assenza di fenomeni significativi prevedibili / NESSUNA ALLERTA
2024-07-18T14:34:59+02:00,2024-07-19T00:00:00+02:00,2024-07-19T23:59:59+02:00,VDAo-C,Assenza di fenomeni significativi prevedibili / NESSUNA ALLERTA,Assenza di fenomeni significativi prevedibili / NESSUNA ALLERTA,Assenza di fenomeni significativi prevedibili / NESSUNA ALLERTA,Assenza di fenomeni significativi prevedibili / NESSUNA ALLERTA
2024-07-18T14:34:59+02:00,2024-07-19T00:00:00+02:00,2024-07-19T23:59:59+02:00,VDAo-D,Assenza di fenomeni significativi prevedibili / NESSUNA ALLERTA,Assenza di fenomeni significativi prevedibili / NESSUNA ALLERTA,Assenza di fenomeni significativi prevedibili / NESSUNA ALLERTA,Assenza di fenomeni significativi prevedibili / NESSUNA ALLERTA
2024-07-18T14:34:59+02:00,2024-07-19T00:00:00+02:00,2024-07-19T23:59:59+02:00,Vene-A,Ordinaria per rischio temporali / ALLERTA GIALLA,Assenza di fenomeni significativi prevedibili / NESSUNA ALLERTA,Ordinaria / ALLERTA GIALLA,Assenza di fenomeni significativi prevedibili / NESSUNA ALLERTA
2024-07-18T14:34:59+02:00,2024-07-19T00:00:00+02:00,2024-07-19T23:59:59+02:00,Vene-B,Ordinaria per rischio temporali / ALLERTA GIALLA,Assenza di fenomeni significativi prevedibili / NESSUNA ALLERTA,Ordinaria / ALLERTA GIALLA,Assenza di fenomeni significativi prevedibili / NESSUNA ALLERTA
2024-07-18T14:34:59+02:00,2024-07-19T00:00:00+02:00,2024-07-19T23:59:59+02:00,Vene-C,Ordinaria per rischio temporali / ALLERTA GIALLA,Assenza di fenomeni significativi prevedibili / NESSUNA ALLERTA,Ordinaria / ALLERTA GIALLA,Assenza di fenomeni significativi prevedibili / NESSUNA ALLERTA
2024-07-18T14:34:59+02:00,2024-07-19T00:00:00+02:00,2024-07-19T23:59:59+02:00,Vene-D,Assenza di fenomeni significativi prevedibili / NESSUNA ALLERTA,Assenza di fenomeni significativi prevedibili / NESSUNA ALLERTA,Assenza di fenomeni significativi prevedibili / NESSUNA ALLERTA,Assenza di fenomeni significativi prevedibili / NESSUNA ALLERTA
2024-07-18T14:34:59+02:00,2024-07-19T00:00:00+02:00,2024-07-19T23:59:59+02:00,Vene-E,Assenza di fenomeni significativi prevedibili / NESSUNA ALLERTA,Assenza di fenomeni significativi prevedibili / NESSUNA ALLERTA,Assenza di fenomeni significativi prevedibili / NESSUNA ALLERTA,Assenza di fenomeni significativi prevedibili / NESSUNA ALLERTA
2024-07-18T14:34:59+02:00,2024-07-19T00:00:00+02:00,2024-07-19T23:59:59+02:00,Vene-F,Assenza di fenomeni significativi prevedibili / NESSUNA ALLERTA,Assenza di fenomeni significativi prevedibili / NESSUNA ALLERTA,Assenza di fenomeni significativi prevedibili / NESSUNA ALLERTA,Assenza di fenomeni significativi prevedibili / NESSUNA ALLERTA
2024-07-18T14:34:59+02:00,2024-07-19T00:00:00+02:00,2024-07-19T23:59:59+02:00,Vene-G,Assenza di fenomeni significativi prevedibili / NESSUNA ALLERTA,Assenza di fenomeni significativi prevedibili / NESSUNA ALLERTA,Assenza di fenomeni significativi prevedibili / NESSUNA ALLERTA,Assenza di fenomeni significativi prevedibili / NESSUNA ALLERTA
2024-07-18T14:34:59+02:00,2024-07-19T00:00:00+02:00,2024-07-19T23:59:59+02:00,Vene-H,Ordinaria per rischio temporali / ALLERTA GIALLA,Assenza di fenomeni significativi prevedibili / NESSUNA ALLERTA,Ordinaria / ALLERTA GIALLA,Assenza di fenomeni significativi prevedibili / NESSUNA ALLERTA
